image: closed_door.pgm
resolution: 0.050000
origin: [-4.218944, -8.547235, 0.000000]
negate: 0
occupied_thresh: 0.65
free_thresh: 0.196

