image: opened_door.pgm
resolution: 0.050000
origin: [-5.050000, -8.300000, 0.000000]
negate: 0
occupied_thresh: 0.65
free_thresh: 0.196

