image: real.pgm
resolution: 0.050000
origin: [-9.292680, -6.313929, 0.000000]
# origin: [-20.0, -6.313929, 0.000000]
negate: 0
occupied_thresh: 0.65
free_thresh: 0.196

